1 50 80 80 80 80 0
1 50 80 80 80 80 0
1 50 80 80 80 80 0
1 50 80 80 80 80 0
2 50 60 70 70 100 0
3 44 80 80 50 100 0
4 44 70 50 40 100 0
5 44 50 40 30 100 0
6 44 30 30 20 100 0
7 44 60 40 20 100 0
8 44 40 60 40 100 0
9 44 20 80 40 100 1
9 44 20 80 40 100 1
10 44 50 90 40 100 1
11 44 80 100 40 100 1
12 44 70 100 50 100 1
13 44 50 100 70 100 1
14 44 30 100 90 100 1
15 44 60 100 90 100 1
16 44 90 100 90 100 1
17 44 100 100 90 100 1
18 44 80 100 90 100 2
18 44 80 100 90 100 2
19 44 100 100 90 100 2
20 44 100 100 90 100 2
21 44 100 100 90 100 2
22 44 100 100 90 100 2
23 44 100 100 90 100 2
23 44 100 100 90 100 2
24 44 100 100 90 98 2
25 44 100 100 90 96 2
26 44 100 100 90 94 2
27 44 80 100 90 94 3
27 44 80 100 90 94 3
28 44 100 100 90 90 3
29 44 100 100 90 86 3
29 44 100 100 90 86 3
30 44 100 100 90 78 3
31 44 100 100 90 71 3
32 44 100 100 90 64 3
32 44 100 100 90 64 3
32 44 100 100 90 64 3
33 44 90 100 80 58 3
34 44 80 70 70 71 3
35 44 70 40 60 80 3
36 44 50 10 60 80 3
37 44 40 20 50 67 3
37 44 40 20 50 67 3
38 44 20 10 40 74 3
